                                  						Rouge
                                      	rouge-1         rouge-2            rouge-l
                                      f     p     r    f     p     r     f     p     r 
0.1
Topic 1 threshold-0.1 Degree Centrality          0.011834319409   0.00595238095238   1.0   0.0   0.0   0.0   0.00384621052308   0.00384615384615   1.0
0.1
Topic 1 threshold-0.1 Text Rank          0.00913242000042   0.0045871559633   1.0   0.0   0.0   0.0   0.00390630937181   0.00390625   1.0
0.2
Topic 1 threshold-0.2 Degree Centrality          0.0122699385284   0.00617283950617   1.0   0.0   0.0   0.0   0.00386106119611   0.003861003861   1.0
0.2
Topic 1 threshold-0.2 Text Rank          0.00913242000042   0.0045871559633   1.0   0.0   0.0   0.0   0.00390630937181   0.00390625   1.0
0.3
Topic 1 threshold-0.3 Degree Centrality          0.0116279068611   0.00584795321637   1.0   0.0   0.0   0.0   0.00375945142836   0.00375939849624   1.0
0.3
Topic 1 threshold-0.3 Text Rank          0.00913242000042   0.0045871559633   1.0   0.0   0.0   0.0   0.00390630937181   0.00390625   1.0
0.1
Topic 2 threshold-0.1 Degree Centrality          0.0105820104768   0.00531914893617   1.0   0.0   0.0   0.0   0.00354614372421   0.00354609929078   1.0
0.1
Topic 2 threshold-0.1 Text Rank          0.0088888888004   0.00446428571429   1.0   0.0   0.0   0.0   0.0037453706924   0.00374531835206   1.0
0.2
Topic 2 threshold-0.2 Degree Centrality          0.0117647057654   0.00591715976331   1.0   0.0   0.0   0.0   0.00392162869957   0.00392156862745   1.0
0.2
Topic 2 threshold-0.2 Text Rank          0.0088888888004   0.00446428571429   1.0   0.0   0.0   0.0   0.0037453706924   0.00374531835206   1.0
0.3
Topic 2 threshold-0.3 Degree Centrality          0.0112994349159   0.00568181818182   1.0   0.0   0.0   0.0   0.00371752330195   0.00371747211896   1.0
0.3
Topic 2 threshold-0.3 Text Rank          0.0088888888004   0.00446428571429   1.0   0.0   0.0   0.0   0.0037453706924   0.00374531835206   1.0
0.1
Topic 3 threshold-0.1 Degree Centrality          0.0104712040843   0.00526315789474   1.0   0.0   0.0   0.0   0.00369008695987   0.00369003690037   1.0
0.1
Topic 3 threshold-0.1 Text Rank          0.00904977366557   0.00454545454545   1.0   0.0   0.0   0.0   0.00380233613069   0.00380228136882   1.0
0.2
Topic 3 threshold-0.2 Degree Centrality          0.00970873776746   0.00487804878049   1.0   0.0   0.0   0.0   0.00336704140922   0.003367003367   1.0
0.2
Topic 3 threshold-0.2 Text Rank          0.00904977366557   0.00454545454545   1.0   0.0   0.0   0.0   0.00380233613069   0.00380228136882   1.0
0.3
Topic 3 threshold-0.3 Degree Centrality          0.0126582277223   0.00636942675159   1.0   0.0   0.0   0.0   0.00396831620853   0.00396825396825   1.0
0.3
Topic 3 threshold-0.3 Text Rank          0.00904977366557   0.00454545454545   1.0   0.0   0.0   0.0   0.00380233613069   0.00380228136882   1.0
0.1
Topic 4 threshold-0.1 Degree Centrality          0.0109890108797   0.00552486187845   1.0   0.0   0.0   0.0   0.00352117026294   0.00352112676056   1.0
0.1
Topic 4 threshold-0.1 Text Rank          0.00892857133968   0.00448430493274   1.0   0.0   0.0   0.0   0.0039370686575   0.00393700787402   1.0
0.2
Topic 4 threshold-0.2 Degree Centrality          0.0116959063165   0.00588235294118   1.0   0.0   0.0   0.0   0.00390630937181   0.00390625   1.0
0.2
Topic 4 threshold-0.2 Text Rank          0.00892857133968   0.00448430493274   1.0   0.0   0.0   0.0   0.0039370686575   0.00393700787402   1.0
0.3
Topic 4 threshold-0.3 Degree Centrality          0.0112359549445   0.00564971751412   1.0   0.0   0.0   0.0   0.00336704140922   0.003367003367   1.0
0.3
Topic 4 threshold-0.3 Text Rank          0.00892857133968   0.00448430493274   1.0   0.0   0.0   0.0   0.0039370686575   0.00393700787402   1.0
0.1
Topic 5 threshold-0.1 Degree Centrality          0.0119760477851   0.00602409638554   1.0   0.0   0.0   0.0   0.003891109266   0.00389105058366   1.0
0.1
Topic 5 threshold-0.1 Text Rank          0.0086580085718   0.00434782608696   1.0   0.0   0.0   0.0   0.00381684928363   0.00381679389313   1.0
0.2
Topic 5 threshold-0.2 Degree Centrality          0.011834319409   0.00595238095238   1.0   0.0   0.0   0.0   0.00386106119611   0.003861003861   1.0
0.2
Topic 5 threshold-0.2 Text Rank          0.0086580085718   0.00434782608696   1.0   0.0   0.0   0.0   0.00381684928363   0.00381679389313   1.0
0.3
Topic 5 threshold-0.3 Degree Centrality          0.0116959063165   0.00588235294118   1.0   0.0   0.0   0.0   0.00386106119611   0.003861003861   1.0
0.3
Topic 5 threshold-0.3 Text Rank          0.0086580085718   0.00434782608696   1.0   0.0   0.0   0.0   0.00381684928363   0.00381679389313   1.0
